gl_out: 769.7726593017578 19.26717879057693 0.7950211450252094
gi_pls: 763.6487884521484 19.30186693793373 0.8706259669136248
gi_int: 748.414316813151 19.389382741117196 0.8723216076532424
irregular: 666.8529357910156 19.89050293393062 0.7992739004764827
gi_my1: 731.0888519287109 19.491101992898237 0.8687705436582616
gi_my2: 662.0894622802734 19.921636850994883 0.8727375102972407
gi_my3: 745.7867736816406 19.404656838646307 0.8698058647250981
gi_my4: 738.9080352783203 19.444899715346683 0.8714704818492699
gi_my5: 738.4712371826172 19.447467762858018 0.8700791649149892
gi_my6: 717.1097869873047 19.574947111516114 0.8715871011582167
gi_my7: 710.7281748453776 19.61376828685173 0.8719895684519782
gi_my8: 712.0653584798177 19.605605027304797 0.8714718410221519
gi_my9: 737.8833567301432 19.45092646107422 0.8712162271422402