gl_out: 376.3145039876302 22.375294035621224 0.8800728844604655
gi_pls: 207.06352742513022 24.96976752717842 0.9067239459838428
gi_int: 189.49569702148438 25.35481008205204 0.908996116570196
irregular: 309.7503662109375 23.22068532362843 0.8932535775800287
gi_my1: 299.04689025878906 23.37341070255782 0.8908728329622612
gi_my2: 249.62062072753906 24.15799902059948 0.8962050244898497
gi_my3: 271.70025634765625 23.78990312695437 0.8934258525555503
gi_my4: 245.34693400065103 24.232997257159184 0.8966011150930889
gi_my5: 260.2885996500651 23.976252139553456 0.8927513826997484
gi_my6: 274.60975646972656 23.743643978663226 0.890648667033827
gi_my7: 238.47071329752603 24.35645310130193 0.896593310715638
gi_my8: 256.77906290690106 24.03520751263517 0.8937207653222742
gi_my9: 219.56986490885416 24.715076261912184 0.898973678457429