gl_out: 446.01210021972656 21.637337196728716 0.7883010902439974
gi_pls: 177.54578145345053 25.637700030883636 0.8902099847817587
gi_int: 160.69282023111978 26.070838879854882 0.8894408718403399
irregular: 210.62191263834634 24.8957680862974 0.7944047873790457
gi_my1: 164.5884755452474 25.966809381467428 0.8804318049215141
gi_my2: 160.57356770833334 26.074063040048546 0.8844280716619907
gi_my3: 185.86624654134116 25.438798321600128 0.8803626471209913
gi_my4: 142.98104349772134 26.578018985780922 0.8863279092654258
gi_my5: 142.87022908528647 26.581386197674842 0.8797026031516354
gi_my6: 173.9178009033203 25.72736325510185 0.8754251836404771
gi_my7: 136.2906697591146 26.786142351200116 0.8860553413608159
gi_my8: 141.9866485595703 26.608328526082264 0.8919340722618209
gi_my9: 153.71862284342447 26.26353875878231 0.8840347503199807