gl_out: 1348.398661295573 16.83262048190909 0.7500283077804061
gi_pls: 801.2077128092448 19.093352394995264 0.8467589791201043
gi_int: 308.4078013102214 23.239550056811794 0.8613409497138483
irregular: 146.99331665039062 26.457827717512984 0.8435752499437054
gi_my1: 87.14699300130208 28.728279544531286 0.9048773899723024
gi_my2: 90.47514343261719 28.56551080588698 0.8885433633328228
gi_my3: 104.41399637858073 27.943216424453404 0.8773256751022863
gi_my4: 85.10508219401042 28.831248653789633 0.9070043975992771
gi_my5: 76.11060078938802 29.31635210750375 0.912001576955665
gi_my6: 82.22297668457031 28.980871655546622 0.9064217627201497
gi_my7: 74.09188842773438 29.433096968009437 0.9112025485474499
gi_my8: 79.8753662109375 29.106674985524737 0.9075980788871852
gi_my9: 72.35869852701823 29.535896140070754 0.9147452562260789