gl_out: 447.4466603597005 21.623390899134947 0.8539836144014578
gi_pls: 354.1866505940755 22.638481724005977 0.8711881822672995
gi_int: 231.09300231933594 24.49293565973442 0.8826225594550919
irregular: 296.9645284016927 23.403757837373046 0.8749439692148879
gi_my1: 325.9190165201823 22.999706597190084 0.8664828630808049
gi_my2: 307.2269694010417 23.2562102402683 0.8730498873882419
gi_my3: 237.65823872884116 24.37127486598781 0.8807355306649812
gi_my4: 275.4334971110026 23.73063604591808 0.8848148155699072
gi_my5: 245.84399922688803 24.22420748747955 0.899361970060841
gi_my6: 226.7300567626953 24.57571264116258 0.8957221935843043
gi_my7: 253.29542032877603 24.094530232049646 0.8920447528095513
gi_my8: 268.57958984375 23.84007354601584 0.8801232196559899
gi_my9: 260.1092071533203 23.979246355651163 0.8922000685807041