gl_out: 616.0546162923177 20.234611446403086 0.8289061680267894
gi_pls: 568.0468037923177 20.58696240313029 0.8726602881657944
gi_int: 554.7696126302084 20.689676961891692 0.8711219464059408
irregular: 578.7843831380209 20.505635564728838 0.8262953553685929
gi_my1: 715.2247619628906 19.586378190094614 0.868489061700214
gi_my2: 779.2159881591797 19.214225059371973 0.86689521065086
gi_my3: 575.1597340901693 20.53291886612973 0.8692406379896508
gi_my4: 547.2013498942057 20.749332007909356 0.8735666554651216
gi_my5: 597.6535186767578 20.366308801173155 0.8706183814789471
gi_my6: 635.0577443440756 20.102671443793774 0.8688831433536154
gi_my7: 521.8733317057291 20.955152563653186 0.8731289423157729
gi_my8: 535.6790771484375 20.841756770793953 0.8733796974761394
gi_my9: 532.8065490722656 20.86510806476562 0.8735598300778983