gl_out: 225.63716634114584 24.596697238569732 0.9089084448553013
gi_pls: 22.56653340657552 34.59615511494442 0.9621490373825595
gi_int: 16.437388102213543 35.97247551490753 0.9617525257195086
irregular: 40.117095947265625 32.09750873701132 0.9491439015303856
gi_my1: 25.38134256998698 34.085657700865454 0.9534273015580944
gi_my2: 23.505605061848957 34.41908925950314 0.9539185908106219
gi_my3: 24.268330891927082 34.28040453071326 0.957296387814409
gi_my4: 18.553965250651043 35.44643621987109 0.9589009129596047
gi_my5: 24.224339803059895 34.28828411008681 0.9557572104671644
gi_my6: 25.297876993815105 34.09996284299118 0.9556296219070545
gi_my7: 17.82001241048177 35.621723587090365 0.9592262448125007
gi_my8: 18.45734151204427 35.469112129209165 0.9602962576296346
gi_my9: 20.418935139973957 35.03047271250807 0.9601939017616402