gl_out: 1258.8531138102214 17.131053023908997 0.5887213543416879
gi_pls: 1163.2576751708984 17.47404434179371 0.7111440318924562
gi_int: 1150.870152791341 17.520540338561098 0.7142472746849694
irregular: 1280.5650990804036 17.056786996153875 0.5968270609352597
gi_my1: 1317.1649373372395 16.93440199504955 0.7056730468386488
gi_my2: 1229.8396504720051 17.23231870123499 0.7149705872483653
gi_my3: 1201.584940592448 17.333258841660268 0.715760995294101
gi_my4: 1239.9571685791016 17.196736771339143 0.7116020586993107
gi_my5: 1268.0747731526692 17.099354980081873 0.7101171141311063
gi_my6: 1202.3765767415364 17.330398536109012 0.7059430622556145
gi_my7: 1197.653813680013 17.347490591214136 0.7116824991218431
gi_my8: 1161.2279256184895 17.481628895159005 0.7157476001860122
gi_my9: 1163.1070709228516 17.474606649093793 0.7163528437988922