gl_out: 654.4630330403646 19.971952401568267 0.7491714246608882
gi_pls: 201.06379191080728 25.097464921068156 0.8477297335039529
gi_int: 154.50202433268228 26.24146186810915 0.8654265687848793
irregular: 143.9417521158854 26.548935760802163 0.7944118364920446
gi_my1: 92.29452006022136 28.479044450885695 0.8739439361131348
gi_my2: 86.75315348307292 28.74795090483897 0.868214848918563
gi_my3: 63.84519958496094 30.079521119252725 0.8778473599956748
gi_my4: 70.05349731445312 29.676505392125073 0.88325273575782
gi_my5: 70.61077880859375 29.642093592526177 0.8812994820174476
gi_my6: 79.73228454589844 29.114461528831306 0.8783647195238036
gi_my7: 77.59613037109375 29.232402968311657 0.8873360911228493
gi_my8: 58.759033203125 30.440057193930222 0.8849599122395077
gi_my9: 59.81390889485677 30.362781759780372 0.8825905592412036